11-50-0.028-[4, 6, 7, 13, 14, 15, 18, 22, 23, 29, 36]
16-100-0.054-[3, 6, 11, 23, 40, 50, 53, 62, 69, 70, 71, 73, 75, 76, 86, 92]
26-200-0.118-[0, 1, 12, 17, 18, 22, 28, 31, 36, 43, 44, 54, 56, 58, 67, 71, 75, 77, 89, 91, 100, 111, 117, 120, 154, 158]
39-500-0.322-[11, 18, 31, 35, 62, 74, 77, 81, 92, 109, 124, 179, 219, 221, 229, 236, 243, 250, 266, 271, 284, 310, 313, 323, 331, 336, 343, 348, 356, 358, 386, 400, 404, 425, 438, 446, 448, 473, 495]
49-800-0.536-[20, 22, 35, 40, 42, 96, 127, 170, 190, 193, 201, 206, 280, 287, 309, 331, 339, 356, 378, 418, 443, 444, 458, 520, 525, 534, 536, 540, 561, 566, 573, 587, 593, 606, 616, 623, 626, 636, 659, 668, 688, 691, 695, 703, 726, 734, 758, 767, 768]
60-1000-0.720-[8, 56, 64, 70, 71, 76, 115, 116, 127, 166, 186, 208, 239, 260, 283, 284, 302, 320, 330, 341, 345, 355, 357, 358, 375, 377, 406, 415, 420, 424, 425, 426, 454, 536, 553, 567, 618, 623, 632, 641, 677, 678, 694, 695, 706, 745, 750, 760, 775, 782, 790, 792, 793, 796, 805, 836, 862, 910, 934, 937]
66-1200-0.697-[20, 66, 117, 170, 172, 193, 194, 206, 217, 254, 292, 307, 343, 348, 354, 366, 376, 377, 380, 479, 500, 516, 521, 551, 582, 608, 611, 623, 674, 677, 684, 708, 740, 774, 804, 834, 838, 843, 850, 870, 911, 912, 947, 956, 960, 1009, 1015, 1032, 1044, 1047, 1051, 1058, 1077, 1094, 1109, 1110, 1123, 1133, 1138, 1145, 1157, 1162, 1167, 1195, 1196, 1198]
72-1500-0.909-[25, 38, 62, 96, 99, 149, 164, 167, 175, 205, 348, 367, 409, 475, 501, 521, 526, 535, 536, 572, 595, 604, 622, 659, 709, 728, 743, 779, 793, 799, 813, 873, 877, 879, 890, 922, 927, 932, 967, 982, 1016, 1033, 1053, 1090, 1122, 1139, 1143, 1147, 1157, 1163, 1168, 1169, 1179, 1250, 1262, 1284, 1304, 1318, 1345, 1354, 1366, 1382, 1390, 1391, 1392, 1418, 1419, 1426, 1432, 1459, 1470, 1499]
80-1800-1.055-[34, 66, 67, 102, 161, 176, 226, 234, 270, 277, 287, 310, 329, 378, 394, 444, 448, 517, 576, 603, 621, 624, 672, 678, 714, 747, 751, 752, 758, 802, 811, 826, 831, 833, 851, 866, 888, 934, 935, 938, 942, 948, 958, 977, 1044, 1055, 1086, 1095, 1101, 1112, 1114, 1115, 1136, 1150, 1168, 1172, 1173, 1182, 1196, 1198, 1216, 1224, 1227, 1282, 1302, 1332, 1396, 1408, 1458, 1484, 1485, 1521, 1525, 1580, 1591, 1639, 1668, 1693, 1749, 1785]
81-2000-1.192-[14, 24, 27, 35, 64, 97, 139, 160, 174, 212, 308, 321, 336, 357, 360, 364, 388, 391, 399, 404, 406, 437, 440, 446, 479, 501, 534, 557, 584, 602, 711, 731, 739, 765, 779, 787, 794, 808, 832, 847, 880, 912, 918, 993, 1001, 1004, 1005, 1007, 1073, 1077, 1139, 1169, 1210, 1234, 1284, 1313, 1331, 1335, 1354, 1388, 1410, 1418, 1497, 1527, 1531, 1614, 1646, 1676, 1686, 1699, 1705, 1713, 1727, 1780, 1809, 1830, 1847, 1862, 1888, 1958, 1981]
